image_width: 640
image_height: 480
camera_name: narrow_stereo
camera_matrix:
  rows: 3
  cols: 3
  data: [555.60287,   0.     , 320.07861,
           0.     , 555.46344, 237.55332,
           0.     ,   0.     ,   1.     ]
distortion_model: plumb_bob
distortion_coefficients:
  rows: 1
  cols: 5
  data: [0.003903, -0.013320, -0.001091, 0.000334, 0.000000]
rectification_matrix:
  rows: 3
  cols: 3
  data: [1., 0., 0.,
         0., 1., 0.,
         0., 0., 1.]
projection_matrix:
  rows: 3
  cols: 4
  data: [555.62872,   0.     , 320.27427,   0.     ,
           0.     , 555.66411, 237.18872,   0.     ,
           0.     ,   0.     ,   1.     ,   0.     ]
