# oST version 5.0 parameters


[image]

width
640

height
480

[narrow_stereo]

camera matrix
555.602874 0.000000 320.078612
0.000000 555.463441 237.553316
0.000000 0.000000 1.000000

distortion
0.003903 -0.013320 -0.001091 0.000334 0.000000

rectification
1.000000 0.000000 0.000000
0.000000 1.000000 0.000000
0.000000 0.000000 1.000000

projection
555.628723 0.000000 320.274270 0.000000
0.000000 555.664111 237.188717 0.000000
0.000000 0.000000 1.000000 0.000000
